4.399195432662964 2.435230255126953 1.7594356536865234 1.7023968696594238 1.6130237579345703 
8.76200008392334 4.790467977523804 3.4959793090820312 3.342252016067505 3.2514986991882324 
13.078386783599854 7.148799419403076 5.227707624435425 4.975272178649902 4.835809230804443 
17.496379852294922 9.526292562484741 7.008163213729858 6.759604215621948 6.409929275512695 
21.960691690444946 11.908869504928589 8.81863522529602 8.324904680252075 7.933819055557251 
26.192991018295288 14.266694784164429 10.581196069717407 10.006788969039917 9.582637310028076 
30.352884531021118 16.669892072677612 12.446828126907349 11.679165840148926 11.130275011062622 
34.93321132659912 19.05108904838562 14.217966794967651 13.204748392105103 12.533081531524658 
39.23320651054382 21.28673815727234 15.772186517715454 14.726826190948486 14.12601900100708 
43.418830156326294 23.719126224517822 17.56364607810974 16.326080083847046 15.669113397598267 
47.910611629486084 26.00636339187622 19.3123881816864 17.95042133331299 17.216211080551147 
52.34853982925415 28.208256244659424 21.078951597213745 19.67645525932312 18.812342882156372 
56.602142572402954 30.72887635231018 22.850707530975342 21.144829034805298 20.286266565322876 
60.764487743377686 33.24358034133911 24.69820761680603 22.94426655769348 21.923312187194824 
65.13560223579407 35.449333906173706 26.359195947647095 24.499269485473633 23.465832471847534 
69.57537412643433 38.04222917556763 28.393790006637573 26.09519910812378 25.02625060081482 
74.31590437889099 40.42605209350586 29.876880645751953 28.113952159881592 26.694934368133545 
78.33149695396423 43.050538778305054 32.12217593193054 29.61821222305298 28.584218740463257 
82.85399103164673 44.95038175582886 33.8084602355957 31.47482395172119 30.224225759506226 
86.75767469406128 47.282633543014526 35.0610568523407 32.59511876106262 31.455310344696045 
91.19106483459473 50.19700884819031 36.854639530181885 34.36348271369934 32.87196445465088 
95.45846176147461 52.14073967933655 38.67112135887146 36.090786933898926 34.612548828125 
99.8185167312622 54.91909670829773 40.25593304634094 37.6710307598114 36.042062759399414 
104.1716480255127 57.141061305999756 42.30056548118591 39.28605365753174 37.883869886398315 
108.93930530548096 59.364604473114014 43.81295609474182 40.84246873855591 39.099732637405396 
113.07240033149719 62.21820092201233 45.652608156204224 42.537405490875244 40.59049034118652 
118.46614170074463 64.12397909164429 47.32656693458557 44.32543873786926 42.56937503814697 
121.8227310180664 67.38104271888733 49.302969217300415 45.758145570755005 44.15181493759155 
126.21361494064331 69.14323735237122 50.79740881919861 47.33826422691345 45.32341170310974 
130.8317756652832 72.03488731384277 53.28829646110535 49.181883096694946 47.044867753982544 
